80 64 2
0.030782063802083 0 0 0 0.0011800130208333 0 0 0 0 0 0 0 0 0 0 0 0.0416259765625 0 0 0 0.140380859375 0.01141357421875 0.00032552083333333 0 0 0.00244140625 0.0052490234375 0.00384521484375 0 0 0 0.00022379557291667 0.0091756184895833 0 0 0 0.36539713541667 0.017537434895833 0 0 0.067138671875 0.14345296223958 0.0093180338541667 0.0024210611979167 0 2.0345052083333E-5 0.00056966145833333 0.005859375 0 0 0 0 0.0006103515625 0.0006103515625 0 0 0.0030517578125 0.05926513671875 0.0150146484375 0 0.00014241536458333 0.01025390625 0.034403483072917 0.018290201822917
0 1
0.3671875 0.00077311197916667 0 0 0.00384521484375 0.0019734700520833 0 0 0 0 0 0 0 0 0 0 0.0850830078125 0.0038045247395833 0 0 0.046630859375 0.05364990234375 0.00038655598958333 0 0.00020345052083333 0.0010579427083333 0.00048828125 0 0 0 0 0 0.0085652669270833 0 0 0 0.049031575520833 0.040120442708333 0.00087483723958333 0 0.0066731770833333 0.02734375 0.032206217447917 0 0 0 0.000244140625 6.103515625E-5 0.0049845377604167 0 0 0 0.017578125 0.0001220703125 0 0 0.031778971354167 0.021809895833333 0.032470703125 0.000732421875 0.0016072591145833 0.010172526041667 0.037272135416667 0.11126708984375
0 1
0.21531168619792 0.0034586588541667 0 0 0.00071207682291667 0.000732421875 0 0 0 0 0 0 0 0 0 0 0.11016845703125 0.0016276041666667 0 0 0.085530598958333 0.042521158854167 0.022745768229167 0.00020345052083333 0.0069173177083333 0.00050862630208333 0.00775146484375 0.010518391927083 0 0 0 0 0.0067138671875 0 0 0 0.093282063802083 0.042948404947917 0.00016276041666667 0 0.02606201171875 0.049763997395833 0.025288899739583 0.039225260416667 0.00042724609375 0.0069173177083333 0.00152587890625 0.0016886393229167 0 0 0 0 0.0075276692708333 0.0022989908854167 0 0 0.012776692708333 0.070902506510417 0.0069376627604167 0.00034586588541667 0.0010172526041667 0.0145263671875 0.0347900390625 0.046162923177083
0 1
0.22519938151042 0.0061238606770833 0 0 0.0067545572916667 0.0011800130208333 4.0690104166667E-5 0 0 0 0 0 0 0 0 0 0.042826334635417 0.00087483723958333 0 0 0.048116048177083 0.20595296223958 0.00421142578125 0 0.00048828125 0.0012003580729167 0.0013224283854167 0.00016276041666667 0 0 0 0 0.0006103515625 0 0 0 0.02392578125 0.10713704427083 0.00177001953125 0 0.00052897135416667 0.060221354166667 0.04620361328125 0.0021769205729167 0 0 2.0345052083333E-5 0.00042724609375 0.00020345052083333 0 0 0 0.0050862630208333 0.0019734700520833 0 0 0.0012003580729167 0.076985677083333 0.047526041666667 2.0345052083333E-5 0 0.00063069661458333 0.048258463541667 0.0306396484375
0 1
0.019775390625 0.0062255859375 0 0 0.0018310546875 2.0345052083333E-5 0 0 0 0 0 0 0 0 0 0 0.05322265625 0.00028483072916667 0 0 0.082600911458333 0.0088907877604167 0.00087483723958333 0 0.0034383138020833 0.0003662109375 4.0690104166667E-5 0 0 0 0 0 0.012064615885417 0 0 0 0.1226806640625 0.0322265625 0.0008544921875 0 0.031819661458333 0.14388020833333 0.068440755208333 0.0043538411458333 0 0.0001220703125 4.0690104166667E-5 6.103515625E-5 0 0 0 0 0.0001220703125 0.00028483072916667 0 0 0.0016682942708333 0.075480143229167 0.0858154296875 0.0041707356770833 0 0.0031941731770833 0.13885498046875 0.096293131510417
0 1
0.11739095052083 0.0054728190104167 0 0 0.00042724609375 0.0018513997395833 0.00010172526041667 0 0 0 0 0 0 0 0 0 0.0478515625 0.00164794921875 0 0 0.034525553385417 0.056803385416667 0.056722005208333 0 0.0067545572916667 0.00010172526041667 0.00372314453125 0 0 0 0 0 0.001953125 0 0 0 0.10764567057292 0.06158447265625 0.00299072265625 0 0.021830240885417 0.06146240234375 0.11429850260417 0.0071614583333333 0 0.0014241536458333 6.103515625E-5 8.1380208333333E-5 0 0 0 0 0.0076497395833333 0.015869140625 0 0 0.0087687174479167 0.15700276692708 0.02587890625 0.00152587890625 0 0.00738525390625 0.021280924479167 0.040771484375
0 1
0.13157145182292 0.00103759765625 0 0 0.010660807291667 0.0015869140625 0 0 0 0 0 0 0 0 0 0 0.12636311848958 0.00014241536458333 0 0 0.099650065104167 0.12259928385417 0.0015869140625 0 0.0099283854166667 0.012064615885417 0.0033162434895833 0 0 0 0 0 0.00335693359375 0 0 0 0.0240478515625 0.035990397135417 0.0001220703125 0 0.0059814453125 0.18316650390625 0.10748291015625 0.011149088541667 0 4.0690104166667E-5 0.0051676432291667 0.012471516927083 0 0 0 0 0.000244140625 0 0 0 0.0035196940104167 0.00506591796875 0.017801920572917 0.00016276041666667 0 0.00014241536458333 0.0093994140625 0.054178873697917
0 1
0.24664306640625 0 0 0 0 0 0 0 0 0 0 0 0 0 0 0 0.0992431640625 0 0 0 0.10457356770833 0.038655598958333 0 0 0 0 0 0 0 0 0 0 0.029622395833333 0 0 0 0.03204345703125 0.1651611328125 0 0 0 0.17124430338542 0.064371744791667 0 0 0 0 0 0 0 0 0 0 2.0345052083333E-5 0 0 0 0.00071207682291667 0.042622884114583 0 0 0 0.0016886393229167 0.0033976236979167
0 1
0.36594645182292 0.00128173828125 0 0 0 0.00028483072916667 0 0 0 0 0 0 0 0 0 0 0.14060465494792 0.0015665690104167 0 0 0.030659993489583 0.10890706380208 0.00103759765625 0 2.0345052083333E-5 0.00010172526041667 6.103515625E-5 0 0 0 0 0 0.0011393229166667 0 0 0 0.0064697265625 0.064595540364583 0.00262451171875 0 0.00042724609375 0.047078450520833 0.064839680989583 0.0015665690104167 0 2.0345052083333E-5 0.00016276041666667 0.00052897135416667 0 0 0 0 0.0020548502604167 2.0345052083333E-5 0 0 0.0018310546875 0.0095418294270833 0.042582194010417 0.00030517578125 0 0.0001220703125 0.022928873697917 0.0806884765625
0 1
0.11517333984375 6.103515625E-5 0 0 0.0021769205729167 0.00030517578125 0 0 0 0 0 0 0 0 0 0 0.19085693359375 0.0001220703125 0 0 0.043070475260417 0.013427734375 0.00128173828125 0 0 4.0690104166667E-5 0.00018310546875 0 0 0 0 0 0.0032755533854167 0 0 0 0.13559977213542 0.036824544270833 0.00081380208333333 0 0.008056640625 0.0399169921875 0.055623372395833 0.00244140625 0 0 0 8.1380208333333E-5 0 0 0 0 0.0045369466145833 0.00028483072916667 0 0 0.01611328125 0.090311686197917 0.12611897786458 0.00050862630208333 0 0 0.04815673828125 0.06463623046875
0 1
0.086954752604167 0.0022176106770833 8.1380208333333E-5 0 0.00567626953125 0.00140380859375 0.0009765625 0.000732421875 0 0 0 0.0010782877604167 0 0 0 0 0.06561279296875 0.00152587890625 0 0 0.031575520833333 0.021382649739583 0.0029296875 0.00016276041666667 0.0014444986979167 0.00238037109375 0.0039265950520833 0.0032552083333333 0 0 0 0.00146484375 0.016866048177083 0 0 0 0.15093994140625 0.059183756510417 0.0037841796875 0 0.0051676432291667 0.076700846354167 0.0592041015625 0.01812744140625 0 0 0.0003662109375 0.024454752604167 0 0 0 0 0.00010172526041667 6.103515625E-5 0 0 0.0011800130208333 0.02435302734375 0.090108235677083 0.00579833984375 0 0.00016276041666667 0.046162923177083 0.1824951171875
0 1
0.17488606770833 2.0345052083333E-5 0 0 0.011128743489583 2.0345052083333E-5 0 0 0 0 0 0 0 0 0 0 0.030537923177083 0 0 0 0.075459798177083 0.055643717447917 0.0001220703125 0 0.0013020833333333 0.00077311197916667 8.1380208333333E-5 0 0 0 0 0 0 0 0 0 0.09796142578125 0.073404947916667 2.0345052083333E-5 0 0.014567057291667 0.11704508463542 0.085103352864583 0 0 0 4.0690104166667E-5 0 0 0 0 0 0.0001220703125 2.0345052083333E-5 0 0 0.0024820963541667 0.056844075520833 0.042439778645833 0 0 0.00065104166666667 0.075968424479167 0.083353678385417
0 1
0.0780029296875 0.0034383138020833 0.00018310546875 0 0.00063069661458333 0.00071207682291667 0.001708984375 0.0020345052083333 0 0 0 0.00077311197916667 0 0 0 0 0.15376790364583 0.010579427083333 8.1380208333333E-5 0 0.017598470052083 0.0096435546875 0.0194091796875 0.0146484375 0.00095621744791667 0.0003662109375 0.00040690104166667 0.0250244140625 0 0 0 0.00372314453125 0.095804850260417 0.00099690755208333 0 0 0.057291666666667 0.00750732421875 0.0056355794270833 0.0016886393229167 0.0083414713541667 0.00445556640625 0.01556396484375 0.01953125 2.0345052083333E-5 0.00032552083333333 0.000244140625 0.019632975260417 0.01519775390625 0 0 0 0.093648274739583 0.0011800130208333 0 0 0.0611572265625 0.07916259765625 0.0321044921875 0.0022379557291667 0.0023396809895833 0.011983235677083 0.028706868489583 0.091552734375
0 1
0.293212890625 0 0 0 0.0068359375 4.0690104166667E-5 0 0 0 0 0 0 0 0 0 0 0.081258138020833 0 0 0 0.13144938151042 0.0631103515625 0 0 0.00010172526041667 0.0082194010416667 0 0 0 0 0 0 0.0020548502604167 0 0 0 0.0213623046875 0.074625651041667 0 0 0.0045166015625 0.1268310546875 0.023193359375 0 0 0 0 0 0 0 0 0 0.00028483072916667 8.1380208333333E-5 0 0 0.00028483072916667 0.058064778645833 0.063130696614583 0 0 0.00059000651041667 0.038065592447917 0.002685546875
0 1
0.095377604166667 0 0 0 0.0087890625 0 0 0 2.0345052083333E-5 0 0 0 0 0 0 0 0.0277099609375 4.0690104166667E-5 0 0 0.030965169270833 0.0062459309895833 2.0345052083333E-5 0 0.019246419270833 0.00042724609375 0 0 0 0 0 0 0.034403483072917 0 0 0 0.19742838541667 0.01336669921875 0.00030517578125 0 0.08428955078125 0.040140787760417 0.016133626302083 0 0.00010172526041667 0.00071207682291667 0.00044759114583333 0 0.00885009765625 0 0 0 0.0070393880208333 0.00048828125 0 0 0.045247395833333 0.03692626953125 0.059041341145833 0.00016276041666667 0.001953125 0.0075480143229167 0.06488037109375 0.19169108072917
0 1
0.37062581380208 0.0010986328125 0 0 0.03778076171875 0.00022379557291667 0 0 0 0 0 0 0 0 0 0 0.099568684895833 0.0011393229166667 0 0 0.073160807291667 0.062052408854167 0.00065104166666667 0 0.00020345052083333 0.00897216796875 0.00115966796875 0 0 0 0 0 0 0 0 0 0.00077311197916667 0.010884602864583 0.00056966145833333 0 2.0345052083333E-5 0.051127115885417 0.10788981119792 0.048583984375 0 0.0001220703125 0.000732421875 0.0099283854166667 0 0 0 0 0 0 0 0 0 0 0.027750651041667 0.0046183268229167 0 0 0.0051066080729167 0.07525634765625
0 1
0.34470621744792 0.00026448567708333 0 0 0.025919596354167 0.00020345052083333 0 0 0 0 0 0 0 0 0 0 0.038289388020833 2.0345052083333E-5 0 0 0.10709635416667 0.035786946614583 0.00099690755208333 0 0.0063273111979167 0.00034586588541667 0 0 0 0 0 0 0 0 0 0 0.011820475260417 0.013407389322917 4.0690104166667E-5 0 0.01190185546875 0.15130615234375 0.020263671875 0 0 2.0345052083333E-5 0 0 0 0 0 0 0 0 0 0 0 0.0098876953125 0.11273193359375 0 0 8.1380208333333E-5 0.090494791666667 0.018086751302083
0 1
0.20798746744792 0.038859049479167 0.0039265950520833 0 0.046000162760417 0.02081298828125 0.0054931640625 0.0019938151041667 6.103515625E-5 0.0001220703125 2.0345052083333E-5 0.00093587239583333 0 0 0 8.1380208333333E-5 0.017862955729167 0.0028279622395833 0 0 0.02764892578125 0.23240152994792 0.021341959635417 0.000244140625 0.00071207682291667 0.0341796875 0.026875813802083 0.0039876302083333 0 0 0 0.00038655598958333 0 0 0 0 0.0024007161458333 0.0369873046875 0.0019938151041667 0 0.00014241536458333 0.097432454427083 0.091695149739583 0.015096028645833 0 2.0345052083333E-5 0.00140380859375 0.0051472981770833 0 0 0 0 0 4.0690104166667E-5 0 0 0 2.0345052083333E-5 0.00046793619791667 4.0690104166667E-5 0 0 0.0013834635416667 0.05096435546875
0 1
0.1448974609375 0.00089518229166667 0 0 0.0071614583333333 0 0 0 0 0 0 0 0 0 0 0 0.016642252604167 0.0015665690104167 0 0 0.091145833333333 0.058451334635417 0.0001220703125 0 0.0033976236979167 0.0044962565104167 0 0 0 0 0 0 0.00063069661458333 0 0 0 0.06195068359375 0.083292643229167 0.00059000651041667 0 0.022440592447917 0.39632161458333 0.091939290364583 0 0 0 2.0345052083333E-5 0 0 0 0 0 0 0 0 0 0 0.002197265625 0.0066935221354167 2.0345052083333E-5 0 0 0.0021565755208333 0.0029703776041667
0 1
0.19777425130208 0.00022379557291667 0 0 0.00042724609375 0.00016276041666667 0 0 0 0 0 0 0 0 0 0 0.057169596354167 0.00071207682291667 0 0 0.12082926432292 0.24723307291667 0.00408935546875 0 0 8.1380208333333E-5 0.00014241536458333 0 0 0 0 0 0.009521484375 0 0 0 0.00225830078125 0.076904296875 0.0069783528645833 0 4.0690104166667E-5 0.059163411458333 0.13405354817708 0.030558268229167 0 0 0 0.00028483072916667 0 0 0 0 4.0690104166667E-5 6.103515625E-5 0.00020345052083333 0 0 0.0089111328125 0.010213216145833 0.0023193359375 0 0 0.0038859049479167 0.0257568359375
0 1
0.041727701822917 0 0 0 0.00099690755208333 0 0 0 0 0 0 0 0 0 0 0 0.074544270833333 0 0 0 0.1048583984375 0.0072428385416667 0 0 6.103515625E-5 0 0 0 0 0 0 0 0.0041707356770833 0 0 0 0.22456868489583 0.013163248697917 2.0345052083333E-5 0 0.066609700520833 0.091837565104167 0.0057169596354167 4.0690104166667E-5 0 0 0 0 0 0 0 0 4.0690104166667E-5 6.103515625E-5 0 0 0.082499186197917 0.13260904947917 0.12125651041667 2.0345052083333E-5 0 0 0.0145263671875 0.013427734375
0 1
0.3197021484375 0.0133056640625 2.0345052083333E-5 0 0.0077921549479167 0.00046793619791667 0.000244140625 0 0 0 0 0 0 0 0 0 0.021830240885417 0.00042724609375 0 0 0.07086181640625 0.070699055989583 0.002197265625 0 0.002685546875 0.0048828125 0.00020345052083333 2.0345052083333E-5 0 0 0 0 0.00010172526041667 0 0 0 0.0091552734375 0.10502115885417 6.103515625E-5 0 0.00069173177083333 0.11435953776042 0.052775065104167 0.00083414713541667 0 0.00018310546875 0.0017496744791667 0.00014241536458333 0 0 0 0 0.020955403645833 2.0345052083333E-5 0 0 0.015034993489583 0.02374267578125 0.016276041666667 0 0 0.00065104166666667 0.037679036458333 0.085225423177083
0 1
0.198974609375 0 0 0 0.0056355794270833 6.103515625E-5 0 0 0 0 0 0 0 0 0 0 0.16109212239583 4.0690104166667E-5 0 0 0.11566162109375 0.0150146484375 0.001953125 0 0.0018310546875 0.0020751953125 0.00022379557291667 0.00225830078125 0 0 0 0 0.01690673828125 0 0 0 0.20204671223958 0.02130126953125 0.00010172526041667 0 0.015421549479167 0.0335693359375 0.0078125 0.00457763671875 6.103515625E-5 0.0015462239583333 0.00099690755208333 2.0345052083333E-5 0.00034586588541667 0 0 0 0.00640869140625 0.00063069661458333 0 0 0.012980143229167 0.078470865885417 0.010782877604167 2.0345052083333E-5 0 0.012654622395833 0.04705810546875 0.021464029947917
0 1
0.41556803385417 0.0060017903645833 0 0 0 0.00032552083333333 0 0 0 0 0 0 0 0 0 0 0.148681640625 0.0080769856770833 0 0 0.014933268229167 0.0396728515625 0.0020548502604167 0 0.00010172526041667 0.00010172526041667 0.00046793619791667 0 0 0 0 0 0.0016682942708333 8.1380208333333E-5 0 0 0.01055908203125 0.047648111979167 0.0016886393229167 0 0.00018310546875 0.040262858072917 0.080179850260417 0.0055135091145833 0 0 2.0345052083333E-5 0.00372314453125 0 0 0 0 0.0026041666666667 8.1380208333333E-5 0 0 0.0019124348958333 0.00616455078125 0.047281901041667 0.00067138671875 0 0 0.019124348958333 0.094645182291667
0 1
0.20926920572917 0 0 0 0.0045166015625 0.00048828125 0 0 0 0 0 0 0 0 0 0 0.04931640625 2.0345052083333E-5 0 0 0.12766520182292 0.053995768229167 0.0011393229166667 0 0.00040690104166667 0.0013631184895833 0.00128173828125 0 0 0 0 0 0.00087483723958333 0 0 0 0.042867024739583 0.06939697265625 0.0019327799479167 0 0.00099690755208333 0.077840169270833 0.18170166015625 0.025187174479167 0 0 0.0020345052083333 0.031473795572917 0 0 0 0 0.00014241536458333 0 6.103515625E-5 0 6.103515625E-5 0.0042521158854167 0.023356119791667 0.0025227864583333 0 0 0.017679850260417 0.068155924479167
0 1
0.033833821614583 2.0345052083333E-5 0 0 0.0023396809895833 0 0 0 0 0 0 0 0 0 0 0 0.0091959635416667 4.0690104166667E-5 0 0 0.04437255859375 0.02294921875 4.0690104166667E-5 0 0.0079142252604167 0.001953125 6.103515625E-5 0 0 0 0 0 0.0074462890625 0 0 0 0.041585286458333 0.027079264322917 0.00014241536458333 0 0.011088053385417 0.067464192708333 0.1077880859375 6.103515625E-5 0 4.0690104166667E-5 0.0001220703125 0 0.00579833984375 0 0 0 0.0059407552083333 0.013834635416667 2.0345052083333E-5 0 0.0013427734375 0.03009033203125 0.12599690755208 0.0013020833333333 0 0.00018310546875 0.11871337890625 0.31123860677083
0 1
0.0022176106770833 2.0345052083333E-5 0 0 0.0022989908854167 0 0 0 0 0 0 0 0 0 0 0 0.0013631184895833 0 0 0 0.15981038411458 0.075724283854167 0.00028483072916667 0 0.0060017903645833 0.010498046875 0 0 0 0 0 0 0 0 0 0 0.10884602864583 0.0819091796875 0 0 0.070210774739583 0.2669677734375 0.096028645833333 0.00052897135416667 0 2.0345052083333E-5 0.000732421875 0 0 0 0 0 0 0 0 0 0.031331380208333 0.0037841796875 0.010538736979167 0.00040690104166667 0 0.000244140625 0.038350423177083 0.031880696614583
0 1
0.29669189453125 0.00099690755208333 0 0 0.015380859375 0.00067138671875 0 0 0 0 0 0 0 0 0 0 0.08416748046875 0.00034586588541667 0 0 0.0814208984375 0.03173828125 0.00065104166666667 0 0.0055745442708333 0.0024007161458333 0.00065104166666667 0 0 0 0 0 0.069417317708333 0 0 0 0.11916097005208 0.0216064453125 6.103515625E-5 0 0.0041300455729167 0.032857259114583 0.018595377604167 0.0001220703125 2.0345052083333E-5 0.00063069661458333 0.0017903645833333 0.00030517578125 0.0087687174479167 0 0 0 0.01385498046875 0.0003662109375 0 0 0.00482177734375 0.0098470052083333 0.03546142578125 4.0690104166667E-5 0.00014241536458333 0.0030110677083333 0.064310709635417 0.069986979166667
0 1
0.23781331380208 2.0345052083333E-5 0 0 0.00604248046875 8.1380208333333E-5 0 0 0 0 0 0 0 0 0 0 0.065511067708333 8.1380208333333E-5 0 0 0.14154052734375 0.04449462890625 6.103515625E-5 0 0.0023193359375 0.00075276692708333 0.000244140625 0 0 0 0 0 0.0016072591145833 0 0 0 0.12638346354167 0.025919596354167 0.00048828125 0 0.0426025390625 0.07598876953125 0.0457763671875 4.0690104166667E-5 0 6.103515625E-5 0.0014444986979167 0 0 0 0 0 0.00091552734375 0 0 0 0.01275634765625 0.0172119140625 0.015177408854167 0.00056966145833333 0.0011189778645833 0.0064900716145833 0.027262369791667 0.099222819010417
0 1
0.1534423828125 0.00052897135416667 0 0 0.00341796875 0.0006103515625 0 0 0 0 0 0 0 0 0 0 0.15340169270833 6.103515625E-5 0 0 0.057230631510417 0.0711669921875 0.0024617513020833 0 0.0016682942708333 0.00677490234375 0.0032755533854167 0 0 0 0 0 0.0069986979166667 0 0 0 0.03179931640625 0.08917236328125 0.00071207682291667 0 0.0011393229166667 0.16060384114583 0.092061360677083 0.0048828125 0 2.0345052083333E-5 0.0052490234375 0.0045572916666667 0 0 0 0 0.0018107096354167 2.0345052083333E-5 0 0 0.00225830078125 0.053446451822917 0.017801920572917 0.00054931640625 0 0.00059000651041667 0.02105712890625 0.051228841145833
0 1
0.289794921875 0.0009765625 0 0 0.00848388671875 0.00099690755208333 0 0 0 0 0 0 0 0 0 0 0.0986328125 0.00022379557291667 0 0 0.058064778645833 0.026082356770833 0.00044759114583333 0 0.0037841796875 0.0019938151041667 0.00052897135416667 0 0 0 0 0 0.12601725260417 0 0 0 0.13673909505208 0.038045247395833 0.00022379557291667 0 0.0038248697916667 0.037394205729167 0.019124348958333 0.00010172526041667 6.103515625E-5 0.00018310546875 0.0022786458333333 0.00018310546875 2.0345052083333E-5 0 0 0 0.00567626953125 0.00056966145833333 0 0 0.00026448567708333 0.0076497395833333 0.032633463541667 0 0.0001220703125 0.0024007161458333 0.059834798177083 0.036641438802083
0 1
0.18367513020833 2.0345052083333E-5 0 0 0.00274658203125 2.0345052083333E-5 0 0 0 0 0 0 0 0 0 0 0.056498209635417 2.0345052083333E-5 0 0 0.039225260416667 0.0075276692708333 2.0345052083333E-5 0 0.00048828125 0.0011189778645833 2.0345052083333E-5 0 0 0 0 0 0.0670166015625 0.00030517578125 0 0 0.13043212890625 0.049336751302083 4.0690104166667E-5 0 0.0059407552083333 0.081563313802083 0.019551595052083 2.0345052083333E-5 0 4.0690104166667E-5 0 0 0.01513671875 0 0 0 0.0977783203125 0.00177001953125 8.1380208333333E-5 0 0.022298177083333 0.079549153645833 0.063028971354167 0.00052897135416667 0.00059000651041667 0.01202392578125 0.022298177083333 0.039286295572917
0 1
0.14068603515625 0.00034586588541667 0 0 0.0003662109375 0.0012410481770833 0 0 0 0 0 0 0 0 0 0 0.07952880859375 0.0001220703125 0 0 0.00762939453125 0.012939453125 0.00059000651041667 0 0 0.00016276041666667 0.00018310546875 0 0 0 0 0 0.0057576497395833 0 0 0 0.085978190104167 0.036519368489583 0.00034586588541667 0 0.0347900390625 0.10933430989583 0.020731608072917 0.00077311197916667 0 0 4.0690104166667E-5 0.00016276041666667 2.0345052083333E-5 0 0 0 0.0086466471354167 0.0038045247395833 4.0690104166667E-5 0 0.027119954427083 0.16593424479167 0.10996500651042 0.00146484375 8.1380208333333E-5 0.0015665690104167 0.023783365885417 0.11934407552083
0 1
0.1522216796875 0.00028483072916667 0 0 0.021748860677083 0 0 0 0 0 0 0 0 0 0 0 0.0067545572916667 0.0012003580729167 0 0 0.022115071614583 0.03570556640625 0.0001220703125 0 4.0690104166667E-5 0.00040690104166667 2.0345052083333E-5 0 0 0 0 0 0.00059000651041667 0 0 0 0.0072835286458333 0.073527018229167 0.00050862630208333 0 0.0003662109375 0.1024169921875 0.16438802083333 0.002685546875 0 0 0.00010172526041667 0.00052897135416667 0 0 0 0 0 6.103515625E-5 0 0 0 0.014200846354167 0.1605224609375 0.00201416015625 0 0.0014851888020833 0.091776529947917 0.13692220052083
0 1
0.4354248046875 0.033060709635417 0 0 0.0040283203125 0.01220703125 0.000244140625 0 0.00018310546875 0 0 0 0 0 0 0 0.01470947265625 0.010721842447917 0 0 0.00360107421875 0.064412434895833 0.019063313802083 0.00034586588541667 0.0103759765625 0.0179443359375 0.0063273111979167 0.00063069661458333 0.0017903645833333 0.0031331380208333 0.00030517578125 0 6.103515625E-5 6.103515625E-5 0 0 0.00026448567708333 0.022684733072917 0.0047200520833333 0 8.1380208333333E-5 0.045756022135417 0.081685384114583 0.0093587239583333 0.00048828125 0.012125651041667 0.020304361979167 0.00750732421875 0 0 0 0 0 0 0 0 0 0.00439453125 0.020975748697917 0.0074666341145833 0 0.00044759114583333 0.0164794921875 0.10662841796875
0 1
0.26670328776042 0.015889485677083 0 0 0.04681396484375 0.018941243489583 0.00010172526041667 0 0 0 0 0 0 0 0 0 0.016194661458333 0.00046793619791667 0 0 0.064168294270833 0.084920247395833 0.0043741861979167 0 2.0345052083333E-5 0.018819173177083 0.0177001953125 0 0 0 0 0 0.01092529296875 0.00022379557291667 0 0 0.0540771484375 0.084248860677083 0.0028076171875 0 6.103515625E-5 0.058247884114583 0.17403157552083 0.00714111328125 0 0 0.000732421875 0.010904947916667 0 0 0 0 0 0.00010172526041667 2.0345052083333E-5 0 0 0.0001220703125 0.01263427734375 0.00213623046875 0 0 0.00384521484375 0.022623697916667
0 1
0.0311279296875 0 0 0 0 0 0 0 0 0 0 0 0 0 0 0 0.02154541015625 0 0 0 0.002197265625 4.0690104166667E-5 0 0 0 0 0 0 0 0 0 0 0.0032958984375 0 0 0 0.16105143229167 0.015279134114583 0 0 0.041280110677083 0.060099283854167 0.049702962239583 0 0 0 0.012939453125 0 0 0 0 0 0.0692138671875 0.00020345052083333 0 0 0.47548421223958 0.022298177083333 0.012105305989583 0 0.00083414713541667 0.00457763671875 0.0146484375 0.0020751953125
0 1
0.29353841145833 0.0177001953125 0 0 0.0042724609375 0.0043131510416667 0 0 0 0 0 0 0 0 0 0 0.020426432291667 0.0001220703125 0 0 0.019368489583333 0.15006510416667 0.0039876302083333 0 0 0.00146484375 0.0018107096354167 0 0 0 0 0 0.00075276692708333 0 0 0 0.018758138020833 0.0107421875 0 0 0.0055135091145833 0.041524251302083 0.025614420572917 0.0053507486979167 0 0 0.00014241536458333 0.00640869140625 0 0 0 0 0 0.00042724609375 0 0 0.00077311197916667 0.16097005208333 0.03900146484375 2.0345052083333E-5 0 0.020182291666667 0.095804850260417 0.050944010416667
0 1
0.028666178385417 6.103515625E-5 0 0 0 0.0001220703125 0 0 0 0 0 0 0 0 0 0 0.022562662760417 0.00026448567708333 0 0 0.023234049479167 0.037373860677083 0.00054931640625 0 0 0 0.00014241536458333 0 0 0 0 0 6.103515625E-5 0 0 0 0.02349853515625 0.088623046875 0.00075276692708333 0 0.00286865234375 0.088134765625 0.097696940104167 0.0003662109375 0 0 2.0345052083333E-5 4.0690104166667E-5 0 0 0 0 0 0.0018107096354167 0.000244140625 0 0.0011189778645833 0.059122721354167 0.18017578125 0.0045369466145833 0 0.0010172526041667 0.07769775390625 0.25923665364583
0 1
0.51853434244792 0.00089518229166667 0 0 0 2.0345052083333E-5 0 0 0 0 0 0 0 0 0 0 0.12327067057292 0.0074462890625 0 0 0.018819173177083 0.095316569010417 0.00335693359375 0 0.00018310546875 6.103515625E-5 0.00069173177083333 0 0 0 0 0 0 0 0 0 0.0012410481770833 0.014139811197917 0.00032552083333333 0 0.00093587239583333 0.039408365885417 0.0697021484375 0.0093180338541667 0 0 0.00018310546875 0.0069986979166667 0 0 0 0 0.0015869140625 8.1380208333333E-5 0 0 0.002197265625 0.00494384765625 0.017333984375 0.0010986328125 0 0 0.0074055989583333 0.05450439453125
0 1
0.014485677083333 0 0 0 0 0 0 0 0 0 0 0 0 0 0 0 0.084716796875 2.0345052083333E-5 0 0 0.070902506510417 0.037394205729167 0.0006103515625 0 0 2.0345052083333E-5 0.00022379557291667 0 0 0 0 0 0.010213216145833 0 0 0 0.25626627604167 0.07568359375 0.00059000651041667 0 0.0013224283854167 0.077290852864583 0.13104248046875 0.00244140625 0 0 0.00044759114583333 0.00010172526041667 0 0 0 0 0.00020345052083333 0.0010579427083333 0 0 0 0.0016682942708333 0.1033935546875 0.0046183268229167 0 0 0.028910319010417 0.09637451171875
1 0
0.47344970703125 0 0 0 2.0345052083333E-5 0 0 0 0 0 0 0 0 0 0 0 0.095296223958333 2.0345052083333E-5 0 0 0.10970052083333 0.028361002604167 0 0 0 0 0 0 0 0 0 0 0.0088704427083333 0 0 0 0.04193115234375 0.055155436197917 0 0 0.00014241536458333 0.06292724609375 0.11940511067708 0 0 0 0 0 0 0 0 0 0 0 0 0 0 2.0345052083333E-5 0.0032552083333333 0 0 0 0.00042724609375 0.0010172526041667
1 0
0.13985188802083 0.001220703125 0 0 0.00044759114583333 0.0014444986979167 0 0 0 0 0 0 0 0 0 0 0.015482584635417 0 0 0 0.018290201822917 0.01776123046875 0.0001220703125 0 0 4.0690104166667E-5 0.00010172526041667 0 0 0 0 0 0.01263427734375 0 0 0 0.27803548177083 0.02001953125 0.0001220703125 0 0.014424641927083 0.065592447916667 0.03662109375 0 0 0 0 0 0 0 0 0 0.041849772135417 0.00010172526041667 0 0 0.094889322916667 0.08795166015625 0.04351806640625 0 0.00079345703125 0.00445556640625 0.0299072265625 0.074320475260417
1 0
0.18096923828125 0.013326009114583 0 0 0 0.0034993489583333 0 0 0 0 0 0 0 0 0 0 0.00994873046875 0.0013631184895833 0 0 0.0037027994791667 0.021708170572917 0.00177001953125 0 0.00020345052083333 4.0690104166667E-5 0.00026448567708333 0 0 0 0 0 0.00164794921875 0 0 0 0.01129150390625 0.19340006510417 0.00071207682291667 0 0.00030517578125 0.22090657552083 0.2921142578125 0.028605143229167 0 0 0 0.0018310546875 0 0 0 0 0 0 0 0 0 2.0345052083333E-5 0.0035807291666667 0.00089518229166667 0 0 0.00020345052083333 0.0076904296875
1 0
0.066202799479167 0.0048014322916667 0 0 0.0074259440104167 0.011311848958333 2.0345052083333E-5 0 0 0 0 0 0 0 0 0 0.09722900390625 0.002197265625 0 0 0.16367594401042 0.25537109375 0.0123291015625 0 0 0.0021158854166667 0.0477294921875 0.0077107747395833 0 0 0 0 0.0037434895833333 0.00048828125 0 0 0.00811767578125 0.12603759765625 0.0017903645833333 0 0.00032552083333333 0.049072265625 0.096598307291667 0.0213623046875 0 0 0 0.01336669921875 0 0 0 0 0 6.103515625E-5 0 0 0 0.00018310546875 0.00010172526041667 0 0 0 4.0690104166667E-5 0.00059000651041667
1 0
0.32564290364583 0.0046793619791667 0 0 0.0030924479166667 0.006591796875 0.00022379557291667 0 0 0 0 0 0 0 0 0 0.036031087239583 0.00018310546875 0 0 0.15533447265625 0.02618408203125 0.0029500325520833 6.103515625E-5 0 0.00016276041666667 0.001708984375 0.00020345052083333 0 0 0 0 0 0 0 0 0.13893636067708 0.0943603515625 0.000244140625 0 0.020650227864583 0.083109537760417 0.0223388671875 0.0011393229166667 0 0 0 4.0690104166667E-5 0 0 0 0 0.0021565755208333 0 0 0 0.026204427083333 0.010111490885417 0.021586100260417 0.00030517578125 0 4.0690104166667E-5 0.013142903645833 0.0025838216145833
1 0
0.205078125 0.000244140625 0 0 0.0010579427083333 8.1380208333333E-5 0 0 0 0 0 0 0 0 0 0 0.035054524739583 6.103515625E-5 0 0 0.18105061848958 0.23679606119792 0.0011189778645833 0 0.00038655598958333 0.00046793619791667 0.00079345703125 0 0 0 0 0 4.0690104166667E-5 0 0 0 0.03289794921875 0.07879638671875 0.00016276041666667 0 0.00046793619791667 0.061197916666667 0.16322835286458 6.103515625E-5 0 0 0 0 0 0 0 0 0 0 0 0 0 0 6.103515625E-5 2.0345052083333E-5 0 0 0 0.00087483723958333
1 0
0.1739501953125 0.00787353515625 6.103515625E-5 0 0.00032552083333333 0.0057169596354167 0.01202392578125 0 0 0 0 0 0 0 0 0 0.055399576822917 0.00022379557291667 0 0 0.051778157552083 0.020751953125 0.021077473958333 0.000244140625 0 2.0345052083333E-5 0.0041910807291667 0.0028483072916667 0 0 0 0 0.012715657552083 0 0 0 0.2706298828125 0.028849283854167 0.00016276041666667 0 0.0042724609375 0.044596354166667 0.01190185546875 0.0037841796875 0 0 0.00032552083333333 0.0031331380208333 0 0 0 0 0.033793131510417 0.000732421875 0 0 0.037699381510417 0.10825602213542 0.010945638020833 6.103515625E-5 4.0690104166667E-5 0.0074055989583333 0.029378255208333 0.034830729166667
1 0
0.11277262369792 0.019429524739583 0 0 0.01287841796875 0.0037841796875 0 0 0 0 0 0 0 0 0 0 0.059468587239583 0.015482584635417 0 0 0.030537923177083 0.2132568359375 0.00201416015625 0 0 0.023539225260417 0.00146484375 0 0 0 0 0 0 0 0 0 4.0690104166667E-5 0.02459716796875 6.103515625E-5 0 0 0.1856689453125 0.253173828125 0.0003662109375 0 0 0.012288411458333 0.0052286783854167 0 0 0 0 0 0 0 0 0 0 0.00038655598958333 0 0 0 0.0036824544270833 0.019877115885417
1 0
0.32613118489583 0.0025227864583333 8.1380208333333E-5 0 0.058634440104167 0.0048014322916667 0.00103759765625 0 0.00020345052083333 0.00056966145833333 0 0 0 0 0 0 0.05621337890625 0.00099690755208333 0 0 0.088419596354167 0.029256184895833 0.00286865234375 0.0003662109375 0.027608235677083 0.035909016927083 0.015625 0.0025838216145833 4.0690104166667E-5 0.000244140625 0.00020345052083333 0.016764322916667 4.0690104166667E-5 0 0 0 0.00830078125 0.0167236328125 0.0001220703125 0 0.00244140625 0.042643229166667 0.029439290364583 0.0055948893229167 6.103515625E-5 0.0023193359375 0.00897216796875 0.046793619791667 0 0 0 0 0 0 0 0 0.00054931640625 0.0044759114583333 0.0050048828125 0.0010986328125 0.0010579427083333 0.0025634765625 0.032877604166667 0.11783854166667
1 0
0.29207356770833 0.00065104166666667 0 0 0 0 0 0 0 0 0 0 0 0 0 0 0.22751871744792 0.0044759114583333 0 0 0.011474609375 0.0098470052083333 0.00052897135416667 0 0.001220703125 0.00010172526041667 0 0 0 0 0 0 0.055887858072917 0.00010172526041667 0 0 0.1141357421875 0.066853841145833 0.0008544921875 0 0.00811767578125 0.053507486979167 0.013671875 0.00050862630208333 0 0.00010172526041667 0.00010172526041667 0.00010172526041667 0.00034586588541667 0 0 0 4.0690104166667E-5 0.0019734700520833 0 0 0.0001220703125 0.029378255208333 0.01995849609375 0.00026448567708333 0 0.00347900390625 0.062825520833333 0.019775390625
1 0
0.16068522135417 0.039794921875 6.103515625E-5 0 0 0.0012613932291667 0.0042724609375 0 0 0 0.00030517578125 0 0 0 0 0 0.0090535481770833 0.02392578125 0 0 0.00052897135416667 0.034830729166667 0.0029703776041667 0 0 0.00014241536458333 0.0032755533854167 0 0 0 0.0010172526041667 2.0345052083333E-5 0.0130615234375 0.010701497395833 0 0 0.01202392578125 0.089558919270833 0.00034586588541667 0 0 0.045023600260417 0.0196533203125 0 0 0 0.0012613932291667 6.103515625E-5 0.0059611002604167 0.0028889973958333 0 0 0.0062459309895833 0.0567626953125 4.0690104166667E-5 0 0 0.097981770833333 0.075887044270833 0 0 0.0077107747395833 0.27260335286458 8.1380208333333E-5
1 0
0.00010172526041667 0 0 0 0 0 0 0 0 0 0 0 0 0 0 0 0.0064697265625 0 0 0 0.0022989908854167 0 0 0 0 0 0 0 0 0 0 0 0.00030517578125 0 0 0 0.30267333984375 0.02899169921875 0 0 0.03179931640625 0.042724609375 0.00071207682291667 0 0 0 0 0 0 0 0 0 0.025980631510417 0.00048828125 0 0 0.05108642578125 0.3385009765625 0.11555989583333 0 0 0.0046793619791667 0.024658203125 0.022969563802083
1 0
0.0031941731770833 0 0 0 2.0345052083333E-5 0 0 0 0 0 0 0 0 0 0 0 0.05694580078125 0 0 0 0.057840983072917 0.022054036458333 0 0 0.00653076171875 0.0057169596354167 0 0 0 0 0 0 0.0036417643229167 0 0 0 0.13956705729167 0.13201904296875 0 0 0.0064900716145833 0.14571126302083 0.093404134114583 0.00038655598958333 0 0.00050862630208333 0.0030924479166667 0.0013224283854167 0 0 0 0 0.0029703776041667 0.021504720052083 0 0 0 0.11273193359375 0.09149169921875 0.00016276041666667 0 0.00040690104166667 0.035868326822917 0.056416829427083
1 0
0.11385091145833 0 0 0 0.0017293294270833 0 0 0 0 0 0 0 0 0 0 0 0.061991373697917 0.00032552083333333 0 0 0.10595703125 0.0172119140625 0 0 0.0054524739583333 2.0345052083333E-5 0 0 0 0 0 0 6.103515625E-5 0 0 0 0.080973307291667 0.019612630208333 0 0 0.032389322916667 0.013163248697917 0.00030517578125 0 0.0001220703125 0.00034586588541667 0 0 0 0 0 0 0.016133626302083 0.00052897135416667 0 0 0.16135660807292 0.063395182291667 0.0033976236979167 0 0.037150065104167 0.10249837239583 0.12176513671875 0.040262858072917
1 0
0.31532796223958 0.00034586588541667 0 0 0.0027669270833333 0.0010579427083333 0 0 0 0 0 0 0 0 0 0 0.059346516927083 0 0 0 0.26536051432292 0.0982666015625 6.103515625E-5 0 4.0690104166667E-5 8.1380208333333E-5 0.00010172526041667 0 0 0 0 0 0 0 0 0 0.092875162760417 0.077880859375 0 0 0.0058390299479167 0.06890869140625 0.0055135091145833 2.0345052083333E-5 0 0 0 0 0 0 0 0 0 0 0 0 4.0690104166667E-5 0.0037027994791667 0.0019734700520833 0 0 0 0.0001220703125 0.0003662109375
1 0
0.091105143229167 0.0063069661458333 0 0 0.00091552734375 0.00095621744791667 0 0 0 0 0 0 0 0 0 0 0.07647705078125 0.0069376627604167 0 0 0.052144368489583 0.031229654947917 0.00052897135416667 0 0 6.103515625E-5 0.00010172526041667 0.00010172526041667 0 0 0 0 0.025919596354167 0 0 0 0.15838623046875 0.0369873046875 0.0015665690104167 0 0.00010172526041667 0.03192138671875 0.03680419921875 0.0064697265625 0 0 0 0.020528157552083 0 0 0 0 0.0262451171875 0.0038248697916667 0 0 0.0255126953125 0.1268310546875 0.073038736979167 0.0020345052083333 0 0.0022786458333333 0.0662841796875 0.088399251302083
1 0
0.43666585286458 0.004150390625 0 0 0.027323404947917 0.00396728515625 0.00079345703125 0 2.0345052083333E-5 0 0 0 0 0 0 0 0.028096516927083 0.00091552734375 0 0 0.0684814453125 0.041402180989583 0.00323486328125 2.0345052083333E-5 0.0021769205729167 0.0084635416666667 0.0047403971354167 0.00103759765625 0 0 0 0 0.0012003580729167 0 0 0 0.08984375 0.0704345703125 0.00018310546875 0 0.0008544921875 0.051188151041667 0.062906901041667 0.0062662760416667 0 0 0.00213623046875 0.00286865234375 0 0 0 0 8.1380208333333E-5 0.0001220703125 0 0 0.012125651041667 0.010904947916667 0.021036783854167 0.00044759114583333 6.103515625E-5 0.00099690755208333 0.013997395833333 0.020853678385417
1 0
0.036458333333333 0 0 0 0.030131022135417 0 0 0 0 0 0 0 0 0 0 0 0.02569580078125 0 0 0 0.10548909505208 0.00970458984375 0 0 0.0038248697916667 0.001953125 0 0 0 0 0 0 0.0001220703125 2.0345052083333E-5 0 0 0.15478515625 0.031697591145833 0 0 0.084615071614583 0.121826171875 0.0404052734375 0 0 4.0690104166667E-5 0.0003662109375 0 0 0 0 0 0.00213623046875 0 0 0 0.0096435546875 0.042765299479167 0.045633951822917 0 0 8.1380208333333E-5 0.045267740885417 0.20733642578125
1 0
0.032999674479167 0 0 0 0.015055338541667 0 0 0 0 0 0 0 0 0 0 0 0.04010009765625 0 0 0 0.17289225260417 0.0087687174479167 0 0 0.00701904296875 0.0030517578125 0 0 0 0 0 0 0 0 0 0 0.231689453125 0.05364990234375 0 0 0.015279134114583 0.19051106770833 0.019429524739583 0 0 0.0016072591145833 0.0025227864583333 0 0 0 0 0 0 0 0 0 0.0022176106770833 0.0205078125 0.016031901041667 0 0 0.011922200520833 0.032979329427083 0.12176513671875
1 0
0.10044352213542 0.01055908203125 2.0345052083333E-5 0 0.00018310546875 0.0062255859375 0.0088704427083333 0 0 0 0 0 0 0 0 0 0.14359537760417 0.00201416015625 0 0 0.093302408854167 0.034281412760417 0.0086669921875 0.00026448567708333 0.00010172526041667 0.0034993489583333 0.0078938802083333 0.0049235026041667 0 0 0 0 0.11574300130208 0.0027669270833333 0 0 0.10319010416667 0.13319905598958 0.00071207682291667 0 0.00103759765625 0.14131673177083 0.057881673177083 0.0049235026041667 0 0 0.0014851888020833 0.0052083333333333 0 0 0 0 0 0.0010782877604167 0 0 0 0.0010579427083333 0.0010986328125 8.1380208333333E-5 0 0 0.00048828125 0.0038859049479167
1 0
0.47696940104167 0.0055745442708333 0 0 0.00030517578125 0.007080078125 4.0690104166667E-5 0 0 0 0 0 0 0 0 0 0.087992350260417 0.00020345052083333 0 0 0.028483072916667 0.038736979166667 0.0032145182291667 0 0 6.103515625E-5 0.00030517578125 0 0 0 0 0 0.018880208333333 2.0345052083333E-5 0 0 0.0794677734375 0.01458740234375 0.0012613932291667 0 0.0013020833333333 0.014404296875 0.010294596354167 0.00054931640625 0 0.00014241536458333 2.0345052083333E-5 0 0.0128173828125 2.0345052083333E-5 0 0 0.01068115234375 0.00439453125 6.103515625E-5 0 0.010721842447917 0.08697509765625 0.029459635416667 0.00046793619791667 0 0.0029500325520833 0.025431315104167 0.026123046875
1 0
0.28989664713542 8.1380208333333E-5 0 0 0.0014444986979167 6.103515625E-5 0 0 0 0 0 0 0 0 0 0 0.085713704427083 0.0003662109375 0 0 0.026407877604167 0.02410888671875 0.0022176106770833 0 0 0.00014241536458333 0 0 0 0 0 0 0.063212076822917 0 0 0 0.073486328125 0.0447998046875 0.0043538411458333 0 0.00030517578125 0.00787353515625 0.0086873372395833 0.0001220703125 0 0 2.0345052083333E-5 0 0.00071207682291667 0 0 0 0.067891438802083 0.0019327799479167 0 0 0.060017903645833 0.021647135416667 0.019856770833333 0.0015055338541667 0.01226806640625 0.016011555989583 0.031901041666667 0.13295491536458
1 0
0.15218098958333 0.021708170572917 0 0 4.0690104166667E-5 0.00065104166666667 0 0 0 0 0 0 0 0 0 0 0.0054931640625 0.030171712239583 0 0 0.00018310546875 0.059956868489583 0.0010782877604167 0 0 8.1380208333333E-5 0.0030314127604167 0 0 0 0 0 0.00075276692708333 0.00077311197916667 0 0 0.0024820963541667 0.12520345052083 0.00048828125 0 0 0.069091796875 0.024800618489583 0 0 0 0.000732421875 0 0.00046793619791667 0.00044759114583333 0 0 0.00323486328125 0.0533447265625 0 0 0 0.14451090494792 0.088053385416667 0 0 0.0023193359375 0.20871988932292 0
1 0
0.0019938151041667 0 0 0 0 0 0 0 0 0 0 0 0 0 0 0 0.11716715494792 0 0 0 0.2645263671875 0.0028279622395833 0.00028483072916667 0 0.000732421875 0.00040690104166667 0.0025634765625 4.0690104166667E-5 0 0 0 0 0.00274658203125 0 0 0 0.2315673828125 0.053080240885417 0 0 0.01702880859375 0.11004638671875 0.027486165364583 0.0060831705729167 0 0.0001220703125 0.00077311197916667 0.0025634765625 0 0 0 0 0.00056966145833333 0.0003662109375 0 0 0.016316731770833 0.029276529947917 0.017659505208333 0 0.0027058919270833 0.0082194010416667 0.049723307291667 0.033121744791667
1 0
0.18373616536458 0 0 0 0 0 0 0 0 0 0 0 0 0 0 0 0.15728759765625 0.00083414713541667 0 0 0.0023396809895833 0.013529459635417 0 0 0 0 0 0 0 0 0 0 0.070048014322917 0.00048828125 0 0 0.14149983723958 0.099507649739583 0.0028076171875 0 0 0.0014241536458333 0.00421142578125 0.00032552083333333 0 0 0 0 0 0 0 0 0.0145263671875 0.0806884765625 0.0011393229166667 0 0 0.0545654296875 0.075703938802083 0.0115966796875 0 0 0.02325439453125 0.06048583984375
1 0
0.20322672526042 0.012003580729167 0 0 8.1380208333333E-5 0.002685546875 0.00022379557291667 0 0 0 0 0 0 0 0 0 0.13020833333333 0.016581217447917 0 0 0.063496907552083 0.10605875651042 0.010274251302083 0 0.0025634765625 0.0041300455729167 0.0091349283854167 0 0 0 0 0 0.023824055989583 0.00164794921875 0 0 0.0760498046875 0.10880533854167 0.00087483723958333 0 0.004150390625 0.12577311197917 0.087748209635417 0.0025431315104167 0 0 0.000244140625 0.0010172526041667 8.1380208333333E-5 2.0345052083333E-5 0 0 2.0345052083333E-5 4.0690104166667E-5 2.0345052083333E-5 0 0 2.0345052083333E-5 0.00081380208333333 0.00022379557291667 0 0 0.00028483072916667 0.005126953125
1 0
0.31781005859375 0.00018310546875 0 0 0.00099690755208333 0.00016276041666667 0 0 0 0 0 0 0 0 0 0 0.21152750651042 2.0345052083333E-5 0 0 0.032002766927083 0.01263427734375 4.0690104166667E-5 0 0 0.00028483072916667 8.1380208333333E-5 0 0 0 0 0 0.11663818359375 0 0 0 0.036763509114583 0.01593017578125 6.103515625E-5 0 0.0125732421875 0.02520751953125 0.0068766276041667 4.0690104166667E-5 0 0 0.00032552083333333 0.00014241536458333 0 0 0 0 0.00010172526041667 0.0017496744791667 0 0 0.00665283203125 0.038614908854167 0.0070597330729167 2.0345052083333E-5 0 0.042948404947917 0.035196940104167 0.077351888020833
1 0
0.41172281901042 0.00048828125 0 0 0.0061238606770833 0.00091552734375 0 0 0 2.0345052083333E-5 0 0 0 0 0 0 0.049580891927083 0.0090738932291667 0 0 0.0069986979166667 0.01068115234375 0 0 0.0018513997395833 0.0065511067708333 0 0 0 0 0 0 0.012003580729167 0.00469970703125 0 0 0.017293294270833 0.031595865885417 6.103515625E-5 0 0.00030517578125 0.015726725260417 0.0015665690104167 0 0 0.0047403971354167 0.0006103515625 0 0.0001220703125 0.000732421875 0 0 0.0062459309895833 0.031148274739583 4.0690104166667E-5 0 0.0039469401041667 0.16709391276042 0.0072224934895833 0 0 0.057047526041667 0.1192626953125 0.0145263671875
1 0
0.35196940104167 0.00052897135416667 4.0690104166667E-5 0 0.0071818033854167 6.103515625E-5 2.0345052083333E-5 0 0.010172526041667 0.0001220703125 0 0 0.0038248697916667 2.0345052083333E-5 0 0 0.03253173828125 0.0010986328125 0 0 0.0061238606770833 0.00225830078125 0 0 0.01043701171875 0.0028483072916667 6.103515625E-5 0 0.013753255208333 0.0031331380208333 2.0345052083333E-5 0 0.035359700520833 4.0690104166667E-5 0 0 0.021077473958333 0.0038248697916667 4.0690104166667E-5 0 0.0055338541666667 0.0066324869791667 0.00046793619791667 0 0.006591796875 0.015034993489583 0.0017293294270833 0 0.015096028645833 0 0 0 0.098612467447917 0.0051472981770833 0 0 0.091064453125 0.03338623046875 0.000244140625 0 0.029541015625 0.093302408854167 0.081502278645833 0.0095621744791667
1 0
0.10319010416667 0.00071207682291667 0 0 0.0070597330729167 0.0021769205729167 2.0345052083333E-5 0 0.00054931640625 0.00050862630208333 4.0690104166667E-5 0 0 0 0 0 0.028035481770833 0.00046793619791667 0 0 0.028523763020833 0.0277099609375 0.0013834635416667 0 0.010965983072917 0.017232259114583 0.0039876302083333 0.00026448567708333 0.00091552734375 0.0024617513020833 0.00152587890625 6.103515625E-5 0.0090738932291667 0 0 0 0.060546875 0.020121256510417 0.00010172526041667 0 0.022664388020833 0.086690266927083 0.029561360677083 0.00099690755208333 0.00146484375 0.012247721354167 0.014200846354167 0.0063273111979167 0.0066731770833333 0 0 0 0.054239908854167 0.0013427734375 0 0 0.1087646484375 0.11895751953125 0.051676432291667 0 0.0008544921875 0.051106770833333 0.064066569010417 0.04052734375
1 0
0.26434326171875 0.030721028645833 0 0 0.0015869140625 0.00038655598958333 0 0 0 0 0 0 0 0 0 0 0.0079752604166667 0.0046183268229167 0 0 0.023457845052083 0.13273111979167 0.0001220703125 0 0 0.00079345703125 2.0345052083333E-5 0 0 0 0 0 0 0 0 0 0 0.0352783203125 4.0690104166667E-5 0 0 0.27750651041667 0.16794840494792 4.0690104166667E-5 0 2.0345052083333E-5 0.0087890625 8.1380208333333E-5 0 0 0 0 0 0 0 0 0 0 0.001708984375 0 0 0 0.022196451822917 0.019632975260417
1 0
0.032958984375 0 0 0 0 0 0 0 0 0 0 0 0 0 0 0 0.031473795572917 4.0690104166667E-5 0 0 0.0010172526041667 0.0059407552083333 0.0026448567708333 0 0 0.00189208984375 0.02960205078125 0.00040690104166667 0 0 0 0 0.00065104166666667 0 0 0 0.012898763020833 0.10953776041667 0.0006103515625 0 0.0147705078125 0.24513753255208 0.07958984375 0.018880208333333 0.0019327799479167 0.00103759765625 0.0008544921875 0.00089518229166667 0 0 0 0 0 0 0 0 0.0039469401041667 0.13387044270833 0.068155924479167 0.00164794921875 0.00050862630208333 0.010640462239583 0.11240641276042 0.0760498046875
1 0
0.3572998046875 0 0 0 6.103515625E-5 0 0 0 0 0 0 0 0 0 0 0 0.14959716796875 0 0 0 0.062337239583333 0.0097452799479167 0 0 0 0 0 0 0 0 0 0 0.048828125 0 0 0 0.1861572265625 0.031941731770833 0 0 0.00390625 0.04998779296875 0.0078938802083333 0 0 0 0 0 0 0 0 0 0.0076700846354167 0.0010782877604167 0 0 0.0068359375 0.024169921875 0.015096028645833 0 0 0.00018310546875 0.029947916666667 0.00726318359375
1 0
0.294921875 0.00016276041666667 0 0 0.00016276041666667 0 0 0 0 0 0 0 0 0 0 0 0.037841796875 0.00063069661458333 0 0 0.06982421875 0.066935221354167 0 0 0 0.00026448567708333 0 0 0 0 0 0 2.0345052083333E-5 0 0 0 0.0034586588541667 0.16754150390625 2.0345052083333E-5 0 0 0.22208658854167 0.076558430989583 4.0690104166667E-5 0 0 0 2.0345052083333E-5 0 0 0 0 0 0 0 0 0 0.0014444986979167 0.046793619791667 2.0345052083333E-5 0 0 0.01007080078125 0.0011800130208333
1 0
0.19565836588542 0 0 0 4.0690104166667E-5 0 0 0 0 0 0 0 0 0 0 0 0.092325846354167 0 0 0 0.11722819010417 0.01751708984375 0 0 0 0 0 0 0 0 0 0 8.1380208333333E-5 0 0 0 0.13448079427083 0.0361328125 0 0 0.035909016927083 0.10209147135417 0.010904947916667 0 0 0 0 0 0 0 0 0 0 0 0 0 0.01007080078125 0.16414388020833 0.03363037109375 0 0 4.0690104166667E-5 0.027913411458333 0.021830240885417
1 0
0.40081787109375 6.103515625E-5 0 0 2.0345052083333E-5 0 0 0 0 0 0 0 0 0 0 0 0.070475260416667 0 0 0 0.071004231770833 0.058614095052083 6.103515625E-5 0 0.0006103515625 4.0690104166667E-5 6.103515625E-5 0 0 0 0 0 0.0029093424479167 0 0 0 0.04254150390625 0.042805989583333 0 0 0.0053304036458333 0.058451334635417 0.0240478515625 0 4.0690104166667E-5 0 0 0 6.103515625E-5 2.0345052083333E-5 0 0 0.0019938151041667 0.00038655598958333 0 0 0.0082600911458333 0.04193115234375 0.060078938802083 0 6.103515625E-5 0.00469970703125 0.076070149739583 0.028544108072917
1 0
0.06378173828125 0.0863037109375 0.00071207682291667 0 0.012858072916667 0.022908528645833 0.0090535481770833 0 0 0 0 0 0 0 0 0 0.0714111328125 0.00177001953125 0 0 0.037984212239583 0.081380208333333 0.035400390625 0.00026448567708333 0.0081787109375 0.0053304036458333 0.018819173177083 0.00028483072916667 0 0 0 0 0.00909423828125 0.00010172526041667 0 0 0.02178955078125 0.033121744791667 0.0035196940104167 0 0.0063883463541667 0.057393391927083 0.14542643229167 0.01702880859375 0.00034586588541667 0.0024617513020833 0.0031534830729167 0.0086466471354167 0 0 0 0 0.00052897135416667 0.00079345703125 0.00018310546875 0 0.00034586588541667 0.00982666015625 0.0426025390625 0.00592041015625 0.0001220703125 0.0014851888020833 0.042378743489583 0.13090006510417
1 0
0.088114420572917 0.00034586588541667 0 0 0.035685221354167 0.00028483072916667 8.1380208333333E-5 0 0.00026448567708333 0.00014241536458333 0 0 0 0 0 0 0.040506998697917 2.0345052083333E-5 0 0 0.092305501302083 0.004638671875 0.0060831705729167 0 0.018595377604167 0.00286865234375 0.000732421875 0 0 0 8.1380208333333E-5 0 0.00921630859375 0 0 0 0.086405436197917 0.026529947916667 0.00189208984375 0 0.053609212239583 0.073343912760417 0.065755208333333 0.00103759765625 0.00030517578125 0.00093587239583333 0.00063069661458333 0.00020345052083333 0.0074259440104167 0 0 0 0.04888916015625 0.044840494791667 0 0 0.010884602864583 0.07122802734375 0.0374755859375 0.0010579427083333 0.00028483072916667 0.0255126953125 0.12652587890625 0.0152587890625
1 0
0.18430582682292 0 0 0 0.0075480143229167 0.0001220703125 0 0 0 0 0 0 0 0 0 0 0.034016927083333 0 0 0 0.49843343098958 0.11981201171875 0 0 0 0.00201416015625 2.0345052083333E-5 0 0 0 0 0 0 0 0 0 0.0038859049479167 0.036966959635417 0 0 0 0.082234700520833 0.0191650390625 8.1380208333333E-5 0 0 6.103515625E-5 8.1380208333333E-5 0 0 0 0 0 0 0 0 0 0 0.00048828125 0.0001220703125 0 0 0.00079345703125 0.0098470052083333
1 0
